-197.000000
-193.000000
-185.000000
-173.000000
-157.000000
-137.000000
-113.000000
-85.000000
-53.000000
-17.000000
23.000000
-329.000000
-281.000000
-229.000000
-173.000000
-113.000000
-49.000000
19.000000
-301.000000
-225.000000
-145.000000
-61.000000
27.000000
-269.000000
-173.000000
-73.000000
31.000000
-245.000000
-133.000000
-17.000000
103.000000
-153.000000
-25.000000
107.000000
-133.000000
7.000000
-221.000000
-73.000000
79.000000
-133.000000
27.000000
-173.000000
-5.000000
167.000000
-17.000000
163.000000
-9.000000
179.000000
19.000000
-133.000000
67.000000
-73.000000
135.000000
7.000000
-113.000000
107.000000
-1.000000
227.000000
131.000000
43.000000
-37.000000
207.000000
139.000000
79.000000
27.000000
-17.000000
247.000000
215.000000
191.000000
175.000000
167.000000
