-197.000000
-191.000000
-181.000000
-167.000000
-149.000000
-127.000000
-101.000000
-71.000000
-37.000000
1.000000
-353.000000
-307.000000
-257.000000
-203.000000
-145.000000
-83.000000
-17.000000
53.000000
-265.000000
-187.000000
-105.000000
-19.000000
71.000000
-223.000000
-125.000000
-23.000000
83.000000
-191.000000
-77.000000
41.000000
-217.000000
-91.000000
39.000000
-203.000000
-65.000000
77.000000
-149.000000
1.000000
-213.000000
-55.000000
107.000000
-91.000000
79.000000
-107.000000
71.000000
-103.000000
83.000000
-79.000000
115.000000
-35.000000
167.000000
29.000000
-101.000000
113.000000
-5.000000
217.000000
111.000000
13.000000
-77.000000
161.000000
83.000000
13.000000
-49.000000
205.000000
155.000000
113.000000
79.000000
53.000000
35.000000
25.000000
23.000000
